metallic = 0.0
roughness = 0.5
occlusion = 1.0
normalMapStrength = 1.0
[color]
r = 0.8677248954772949
g = 0.1606898009777069
b = 0.1606898009777069
a = 1.0
[emission]
r = 0.0
g = 0.0
b = 0.0
a = 1.0
